-298 N/A -275 143 N/A -700 640 972 -487 68 -198 242 N/A -286 -169 -527 N/A 141 411 -412 -234 887 102 N/A 300 750 602 923 N/A -829 401 N/A -407 -111 937 N/A -620 -53 N/A -892 N/A 500 N/A -294 872 -163 814 N/A 985 N/A 889 -214 -149
943 N/A 172 298 562 176 N/A 278 -820 N/A -647 -713 N/A 868 N/A 485 94 285 791 -814 99 -995 N/A 23 234 N/A -9 N/A -69 N/A 625 -253 -111 -597 687 768 N/A 416 341 N/A 450 N/A -258 112 963 409 N/A -512 125 204 941 -511 N/A 930 -857 581 714
-11 N/A 218 671 N/A 750 -971 -371 264 -992 953 -66 809 622 N/A -841 994 N/A 718 N/A -171 -771 -263 -385 N/A -694 -972 N/A -111 52 -1 -160 N/A -971 N/A 365 N/A 646 -646 N/A 373 N/A 586 -351 151 -608 -62 N/A -980 -381 -349 26 531 -759 -518 -192 N/A -379 N/A 555
797 440 -793 834 N/A 972 349 886 N/A -992 -255 918 N/A 657 -346 70 -843 430 82 N/A 76 N/A 487 -527 N/A 311 590 269 N/A 621 937 -447 -198 N/A -320 0 N/A 442 N/A 247 -993
-476 N/A 673 -372 806 N/A -729 919 -468 -343 822 -124 163 -652 N/A 806 802 N/A -82 832 101 -40 -836 -943 N/A 190 -814 -459 -494 -730 N/A -214 -108 587 635 -754 265 -55 863 -60 -682 N/A 228 -302 N/A -18 N/A 4 975 N/A -946 948 N/A -778 N/A 790 -589 -953 -149 N/A -553 N/A 467 -493 N/A 131 N/A -345 N/A -571
211 161 -649 N/A -745 N/A 245 437 3 760 -843 N/A 206 -401 N/A -337 -883 49 N/A -187 N/A 862 -473 -616 N/A -701 49 154 -446 -573 N/A 776 734 461 N/A 747 160
-110 -712 N/A -148 -961 -738 -121 -804 -118 -857 N/A 118 325 158 -711 N/A 777 -581 965 N/A -976 881 -359 -680 600 N/A 563 -238 N/A 530 N/A -990 N/A 212 N/A -973
-865 -794 439 N/A -189 N/A 366 450 N/A -331 -609 528 357 N/A 936 N/A 284 746 N/A -165 -202 -899 N/A -565 -523 -502 -878 -250 N/A 452 -784 N/A 674 531 N/A -544 -758 N/A -795 -424 N/A 32 -743 N/A 719 859 -505 943 914 -491 732 -872 -928 551 192 N/A 542 236
-78 N/A 866 -625 N/A 842 588 -341 721 N/A -340 531 199 N/A 426 N/A 845 854 360 -51 644 398 N/A -823 -541 N/A 509 -960 328 -996 538 493 700 -764 -515 N/A 857 458 -42 N/A -15 N/A -292 -585 -519 N/A -541 -586 215 -946 -484 N/A -50 853 N/A 519 N/A -957 -653 N/A 556 222 716 N/A -165 998 -859 N/A 721 405
-291 N/A -864 -845 N/A 88 -400 -718 N/A -725 -571 826 N/A -924 N/A -353 N/A -155 691 -578 -679 -5 -791 N/A 971 230 -886 331 152 518 N/A -616 -449 N/A -774 387 306 868
828 917 -552 -657 -628 N/A 520 953 311 -634 N/A 362 N/A -267 N/A -838 367 -784 -693 N/A 592 N/A -34 -870 -686
464 N/A 250 N/A 385 -172 -760 -379 -855 N/A -966 74 -198 318 924 -907 -975 -373 N/A 526 N/A -114 N/A -814 -570 N/A -806 4 916 -498
503 -254 617 N/A -182 694 -165 N/A -310 410 573 -363 N/A -775 N/A -511 708 429 110 -977 N/A -208 N/A -837 320 965 817 682 -25 -663 -284 N/A -137 N/A 803 N/A 387 N/A -188 900 -277 -506 N/A -956 -351 -765 757 121 N/A -140 -648
-666 775 -219 N/A -332 -926 -536 -669 N/A 860 N/A 536 -421 -59 392 56 100 N/A -866 N/A 263 928 N/A 933 N/A 358 -803 -397 751 N/A 415 -192 -777 -237 -613 N/A 70 882 N/A -677 N/A 700 -764 746 -859 N/A -664 N/A -391 464 386 507 502 355 273 N/A -159 -113 N/A -199 -94 -280 -838 N/A 961 556
-966 -711 N/A -915 N/A 511 738 -216 480 241 N/A -951 N/A -735 440 N/A -763 501 N/A 220 -335 N/A -817 387 -192 -711 -945 N/A -839 -937 -695 -54 N/A -758 -561 315 337 -976 307 N/A -764
555 687 793 N/A 372 224 N/A 866 -460 N/A -861 N/A -945 N/A 929 895 N/A 12 358 -538 -82 N/A 44 -616 -746 N/A 537 N/A 294 -360 813 N/A 18 109 -173 293 941 -257 N/A -391 545 5 N/A -241 429 N/A 27 N/A 581 194 N/A -474 675 N/A -73 138 113 915 382 -318 N/A -288 -368 191 -927 344 187 -842 146 559 N/A -775 524
382 -771 -705 95 N/A -549 440 575 -228 686 296 -70 N/A -924 N/A -853 N/A 323 N/A 751 -958 -646 N/A -227 -399 -165 -143 -740 -146 -386 N/A -928 N/A 122 N/A -660 N/A 806 -654 516 -395 311 N/A 762 464 417 -846
729 259 560 553 N/A 532 -981 N/A -194 N/A -726 -774 193 N/A -116 -821 -473 820 N/A 635 -722 610 154 -384 N/A -815 -438 N/A 867 -370 833 247 N/A 677 N/A -439 N/A -887 -97 -169 -619 -877 831
-459 -557 -328 730 194 N/A 504 -541 826 -62 N/A 29 -782 N/A 297 N/A -531 N/A -27 835 584 -534 473 N/A -532 822
-73 347 -44 N/A 861 425 N/A -255 N/A -513 747 114 N/A 299 -586 373 191 -225 41 -208 620 N/A -840 154 -586 -451 -543 766 -490 -913 N/A -342 N/A 953 N/A -936 780 756 422 507 -557 N/A 40 681 584 -805 -708 -838 N/A 950 N/A 320 -318 N/A -207 N/A -635 N/A -907 N/A -474 49 -939 N/A 457 -421
-682 N/A 605 739 962 773 494 N/A 760 N/A -479 -12 N/A 197 N/A -1 N/A 936 -91 N/A -879 585 -757 18 356 -994 N/A 952 N/A -50 541 148 -80 -463 939 -781 959 -451 -372 N/A -564
382 -706 -998 N/A 494 -271 N/A -719 -168 105 340 475 N/A 949 253 730 N/A 898 347 -954 N/A -196 N/A 459 -376 927 -827 -587 N/A -105 261 N/A -929 989 N/A -801 -808 -573 N/A 349 832 282 N/A 528 -999 518 400 -80 -560 N/A -126 868 N/A -877 -44 316 N/A 808 827 N/A 328 N/A -467 -436 -214 781 -413
-286 114 N/A -376 780 -115 -877 174 N/A 79 -865 -9 565 806 N/A 63 945 561 -973 860 -605 -403 -214 -102 -521 566 -428 -497 N/A 240 N/A -919 N/A -486 N/A 447 202 -861 N/A 817 -946 N/A 457 27 N/A -15 -162 N/A -483 147 -722 N/A 945 -494 N/A -632 37 -84 -717 N/A 428 N/A 870 N/A 293
972 N/A -677 N/A -797 644 N/A 572 2 N/A 55 913 -276 -766 973 N/A -723 358 N/A 848 -753 644 -430 702 -565
841 575 169 -494 687 N/A -972 N/A 56 824 -912 -77 701 N/A 498 96 -44 812 N/A 619 576 -639 N/A 759 N/A 790
242 754 -950 382 N/A 160 636 N/A -827 940 -293 -238 551 N/A 74 -289 -134 950 N/A 489 -527 392 -660 277 -25 -273 -108 N/A 525 -614 N/A 517 -392 N/A -626 N/A -42 943 N/A -68 -108 -853 N/A -908 N/A 949 -943 -949 N/A -510 N/A -325 -826 541
-198 -347 N/A 676 836 677 919 -525 -423 N/A -669 N/A -812 250 270 -280 N/A 165 345 278 -583 286 451 N/A -280 -962 N/A -449 N/A 832 N/A 61 N/A -245 N/A 920 N/A -46 -559 877 -950 -598 -368 131 -394 -558 -470
51 -979 N/A -97 -957 N/A -185 411 -381 -207 -380 22 -994 N/A 709 -703 217 -209 N/A -662 -569 N/A 995 -584 -912 295 N/A 358 -206 779 -806 N/A 33 680 -422 N/A -546 N/A -282 N/A -27 N/A 110 N/A 156 N/A 244 851 -160 N/A 184 -544 186 N/A 274 901 N/A 594 -932 181 -824 57 -419 589 665 -164
-241 N/A 93 -369 721 -929 889 N/A -884 785 171 -303 N/A -35 587 703 -702 729 154 N/A 398 N/A -307 N/A -266 755 -326 N/A 191
-668 N/A -777 -580 -958 336 -309 N/A -148 722 N/A 492 N/A 177 639 -739 N/A -474 46 -778 -962 986 N/A 609 220 N/A -288 N/A 73 491 -847 654 -480 -925 N/A -907 -186 -224 87 -427 N/A 104 -772 536 N/A 91 N/A -672 N/A -346 -850 N/A 488 -386 N/A -210 -970 976 N/A 902 427 -20 487 -814 709
-953 545 -525 N/A -152 -782 -926 710 414 N/A 922 N/A -813 -610 578 N/A 178 N/A 54 N/A -334 N/A -919 -610 N/A -542 -863 807 N/A -518 242 N/A -101 936 -816 -36 -853 412 563 -709 569 N/A -460 -877 -674
-609 -909 -396 N/A 401 945 189 N/A 786 -85 N/A -475 N/A 171 -355 N/A 667 N/A 333 N/A -483 847 483 N/A -942 -136 -954 N/A 705 -229 N/A 903 551 -731 -593 -348 -552 -748 N/A -228 927 417 285 -213 N/A -663 -671 -214 -840 N/A 417 -513 N/A 48 -814 -722 414 N/A 289 -471 934 -752
313 N/A 683 534 -705 -270 N/A -76 71 -173 -413 561 547 N/A 400 682 N/A 158 -221 N/A 637 -1 N/A -223 -193
-799 -888 -711 N/A -833 423 811 N/A 227 416 989 434 N/A -943 -142 793 N/A 49 358 -174 -723 N/A -118 -824 275 N/A 522 -383 N/A 384 309 N/A -408 -545 N/A 372 N/A 164 N/A -798 -555 -367 -559 N/A -983 -653 383 -184 667 N/A 852 80 N/A 849 -267 -494 -861
-169 236 826 674 -834 N/A -919 N/A -152 N/A 389 N/A -509 N/A 487 513 N/A -951 N/A 123 -871 230 N/A -735 -143 709 N/A -649 -284 534 N/A 559 -517 -84 -880 482 170 -22 -549 -551
-262 -285 -252 N/A -842 N/A 328 163 N/A -723 608 814 84 N/A -208 -543 186 N/A -748 -627 729 -789 -993 N/A -230 N/A 783 N/A -213 446 667 -305 -434
-547 605 -27 N/A 555 559 -819 577 N/A -216 918 -477 -21 695 N/A 840 N/A -319 N/A 272 485 N/A -91 -804 -576 -717 N/A 113 -926
-646 -320 N/A 879 33 -523 N/A 564 N/A 909 -473 -234 N/A -243 N/A -50 256 192 -350 -369 374 885 702 -26 N/A 673 976 -627 N/A -541 -208 N/A -368 -871 830 N/A 703 N/A -436 -719 N/A -925 N/A 158 -194 N/A -407 N/A 476 749 -488 -313 41 280 -570 -71 N/A 980 481 57 -150 947 N/A 411
-346 -713 N/A 596 -51 9 -145 47 -558 237 N/A 531 -369 N/A -645 -234 -560 941 -971 N/A -266 -676 126 N/A 337 380 N/A -294 N/A -14 -365 N/A 446 -640
870 -853 N/A -972 N/A 155 N/A -71 329 644 -899 N/A 590 97 477 346 -752 N/A 441 N/A -566 -760 N/A -723 206 -801 -237 -323 N/A -230 -376 917 -732 -281 -506 137 111 -281 N/A -819 704 579 -199 N/A 466 N/A -602 -33 N/A 211 -291 N/A -205 N/A -175 -914
881 N/A -884 N/A -329 -683 -956 -299 N/A 801 N/A 698 179 986 -900 N/A -136 -113 N/A 83 -814 -349 N/A 987 -270 N/A 146 -805 577 -630 333 N/A 288 604 N/A 861 868 9 N/A 901 792 753 N/A -381 -609 -777 -162 161 792 N/A -352 -28 N/A 756 -784 -729 610 -689 -157 -321 N/A -902
905 635 N/A 410 973 N/A -446 -766 N/A 135 N/A 764 510 6 35 N/A -320 -284 -680 N/A -84 134 -427 N/A 648 -335 492 -998 -843 -305 N/A -935 194 N/A -700 -19 924 -119 N/A 747 -591 N/A 903 -481 336 N/A -393 N/A 632 168 507 597 994 -214 374 -423 N/A -940 N/A -47 535 673 -780 N/A -808 531
717 N/A 717 -975 -389 640 510 -568 993 320 N/A -392 -128 -880 N/A -985 N/A -496 N/A 873 -273 -287 -554 941 N/A 333
-59 N/A 845 N/A 83 -140 N/A 392 -110 432 -27 521 -963 960 N/A -243 884 555 N/A -281 -358 N/A -546 544 -219 -7 N/A 429 301
932 245 N/A -627 171 -477 N/A 211 N/A 448 889 118 141 -435 N/A -123 N/A -769 N/A 706 N/A -989 507 318 766 -497 250 182 N/A -795 844 102 -439 N/A -400 700 -854 503 -248 N/A -978 608 N/A 125 -767 474 127 N/A -158
-574 653 -347 -950 N/A -381 -52 761 132 699 N/A -251 414 N/A 26 299 -216 -166 -492 N/A -398 -717 929 914 N/A -537 25 N/A 777 451 N/A -924 N/A 883 -402 N/A 930 849 N/A 278 428 -901 964
-628 587 N/A -245 -883 -432 N/A 656 N/A 378 -141 -419 703 895 462 504 -754 N/A -381 -213 170 N/A 138 N/A -929 948 -304
-719 613 N/A 847 -381 -16 -938 N/A 670 222 N/A 877 -46 N/A -465 -845 985 N/A -978 -670 145 898 486 N/A -744 623 -54 -599 -219 N/A -122 N/A -287 577 19 -993 -60 648 951 N/A 749 766 -945 N/A -77 N/A -34 -295 143 -962 -561 N/A 137 -680 N/A -24 N/A -239 -717 -974 68 N/A 662 -989 977 N/A -879 N/A 728 319 493 979 N/A 74 -417
-911 638 -947 -476 535 N/A 872 111 842 901 N/A 351 N/A -412 N/A -601 N/A -486 -506 -603 -249 437 -802 891 654 -265 653 N/A 164 N/A -160 -661 643 N/A -836 957 N/A 991 -753 N/A -415 849 -435 N/A 271 -584
520 -699 654 -497 N/A -816 -73 324 -595 499 N/A -289 -33 N/A 570 626 N/A 453 N/A 726 932 -590 396 N/A 180 -471 N/A -999 N/A 545 83 -100 -956 N/A -516 140 344 63 -132 -560 N/A 831 577 315 -355 653 N/A 691 N/A 630 -808 N/A 786 -568 455 775 -375 N/A 38 405 -248 N/A 244 N/A 820 -810 -815
-845 -752 N/A 155 498 -379 N/A -170 475 -114 353 N/A 718 -368 N/A 920 -172 N/A 93 897 N/A -44 504 -276 -191 N/A 665 N/A -96 -486 131 139 N/A -318 -27 -640 N/A -224 -24 -685 940 -850 -375 960 403 N/A -745 N/A -712 -374 -553 N/A -211 593 276 N/A 45
-65 N/A 783 N/A 383 -740 N/A -42 N/A -374 270 708 304 -828 411 N/A 655 N/A 858 -353 N/A -636 977 674 373 -357 165 -332 N/A -393 N/A 697 -207 N/A 894 320 -957 -17 531 -283 -645 -456 -481 N/A 99 N/A 758 237 N/A -707 -935 133 70
577 -819 -229 -89 14 N/A 47 N/A 576 112 -736 124 N/A -391 432 674 -507 N/A 478 N/A 257 N/A -921 N/A -659 847 -918 143 -567 -803 N/A 769 860 -104 N/A 560 -9 -609 N/A 455 N/A 792 N/A -551 -389 -982 4 549 -916 -329
252 537 -411 N/A 964 N/A 336 -473 510 N/A 185 -687 N/A 968 193 -749 537 N/A -726 -754 291 115 N/A 680 -40 N/A -372 689 677 723 N/A -325 815
-539 738 323 -243 -379 666 69 880 N/A -615 N/A -413 211 N/A 903 -444 N/A -526 N/A -966 -346 631 N/A 36 797 N/A 911 N/A -199 -832 -617 N/A 869 N/A -204 383 550 927 N/A -974 276 N/A -505 -208 -527 -835 844 89
939 N/A -414 N/A 246 -363 -504 -710 N/A -416 -276 395 -606 737 N/A -979 -61 209 57 N/A 147 N/A 109 298 -5 -494 N/A 786 N/A -570 -128 -971 N/A -666 -20 -527 403
-211 N/A -378 N/A 461 -278 682 N/A -865 N/A -731 401 -153 N/A -746 N/A 939 -656 -884 N/A -121 422 -60 N/A -828 -814 -506 132 N/A -699 -68 N/A -890 359 N/A 797 329 -624 -201 528 N/A -443 -642 464 952 335 176 535 N/A 15 384 -180 807 N/A -725 N/A -533 -978 956 889 N/A -815 N/A -168 647 898 195 796 -131
-852 -653 -264 388 N/A 566 -470 N/A 530 723 -63 -483 671 N/A 522 -741 130 N/A -135 N/A 188 -670 N/A 481 -301 -94 -434 857 N/A 331 N/A 9 -353 -198 992 451 N/A -810
115 582 N/A 168 N/A -666 N/A 782 159 75 -331 527 N/A -625 N/A 564 N/A -780 -679 -46 140 -759 -86 -892 N/A -39 967 107 -90 311 324 N/A 958 -448 -377 N/A 7 N/A 445 -179 571 -887 -290 -861 197 N/A -537 890 N/A -157
-521 N/A 2 846 N/A 51 301 -586 -505 N/A 366 -417 -805 N/A 773 N/A 321 N/A -806 N/A -486 147 103 439 N/A 869 -899 -867 -502 347 N/A -808 N/A -395 -609 N/A -150 688 N/A -620 -910 -239 -238 14 323 -228 205 700 -259 -269 -998 N/A 315 -137 N/A 652 612 -674 373 N/A 873 N/A 222 851 714 N/A -397 -997 415
-103 720 944 -679 380 N/A 846 N/A -58 252 -739 163 -696 94 -456 -138 N/A 300 -478 -572 N/A -54 653 -871 -18 N/A -325 442 179 N/A 482 N/A -48 N/A -82 N/A 640 -105 855 508 929 N/A 219 -230 N/A -532 897 181 N/A -730 -653 N/A -488 -151 N/A 782 909 N/A -306 -463 -471 N/A 794 452 -605 N/A 41 -58 N/A 16 173 150
-55 N/A -815 N/A 453 723 585 N/A -23 -504 20 465 654 519 -178 -962 -975 N/A -808 N/A -7 N/A -272 -447 486 -606 988 598 N/A -22 595 983 -847 729 190 N/A 240 535 -654 N/A 727 887 523 63 -980 190 -802 N/A 644 84 N/A 304 706 111 N/A 138 N/A 89 N/A -187 N/A -918 171 N/A -20 -644 634 N/A -88 -994 N/A 196 -43
634 N/A 870 -188 N/A 356 N/A -526 -296 -37 N/A -52 -650 N/A 811 N/A 836 -193 N/A 71 175 N/A -909 108 -453 749 -925 433 642 -967 N/A -244 141 N/A 608 856 -11 255 373 702 -345 317 -561 N/A 68 586 N/A -837 N/A -895 -797 -960 N/A 147 -340 N/A 847 827 -619 825 N/A -441 -778 716 -912 504 618 N/A 949 -578 -888
974 -471 133 -740 -960 -124 57 N/A 871 N/A 940 N/A -650 N/A -558 461 -257 -159 84 -245 N/A -504 417 N/A 394 N/A 657 -312 N/A -664 -909 761 583 652 N/A -351 -577 N/A 431 608 -23 N/A -845 N/A -395 36 -359 N/A -845 N/A 846 110 -104 49 -136 -243 466 158 N/A 571 N/A -639 -284 913 N/A 356 -43 -862 66
764 N/A -658 N/A 607 -390 N/A 284 165 N/A 181 N/A -953 -769 -47 N/A -724 511 N/A 67 N/A -231 89 688 -491 717 -133 654 468 508 N/A 181 848 778 401 517 N/A 733 -245 -74 -744 -628 163 138 N/A -728 N/A -746 N/A -61 N/A 254 -920 309 N/A 857 141 -955 104 -805 -80 N/A -137 118 N/A -857 593 -105
496 573 857 -477 -322 574 N/A -818 175 882 -845 N/A -532 N/A -800 412 N/A -899 -772 N/A -467 46 -111 -24 612 -838 N/A -86 302 N/A -273 -598 N/A -113 -507 N/A 933 N/A 238 N/A -20 -125 405 N/A 760 488 819 814
432 -706 -308 383 977 679 N/A -347 N/A 792 376 469 -340 -39 N/A 933 883 -523 -94 101 -419 -357 N/A 265 -540 N/A -936 -182 -438 -647 724 N/A 25 N/A 713 453 -931 N/A -680 N/A -312 N/A -546 N/A 345
-505 661 108 85 N/A 219 N/A 248 220 -654 N/A -796 665 56 -983 N/A -483 N/A -696 N/A -325 -138 923 170 452 -731 474 -98 N/A 930 -156 137 -747 N/A 276 981 -38 N/A 531 609 455 383 57 N/A 312 -777 932 N/A 628 -452 N/A -439 N/A 252 N/A -428 92
363 -625 -668 N/A -141 -953 -818 N/A 895 977 789 -967 899 N/A 668 884 800 -923 N/A -685 N/A 966 N/A -352 -226 477 383 -235 887 -421 792 N/A -75 N/A 57 N/A -485 -673 259 714 N/A -379 746 -632 650 N/A -909 N/A 961 -278 N/A -975 -240 -97 130 507 N/A 97 N/A -564 -514 -89
-448 815 -224 -818 462 N/A -537 N/A 151 -643 -839 N/A -25 N/A 320 -734 706 772 N/A 305 N/A 499 -164 -620 N/A -826 758 434 -388 N/A 539 840 355 635
545 N/A 679 N/A -354 N/A 474 -953 882 456 -30 N/A 655 -492 N/A -939 396 165 N/A 959 -586 748 N/A 20 755 493 N/A -606 N/A -690 708 942 -863 -123 -552 -475 89 543 N/A -354
-593 -314 -680 687 749 N/A -599 821 -359 109 654 255 N/A -527 859 6 N/A 190 -653 878 N/A -782 N/A -943 N/A -437 -248 N/A -373 -351 N/A 199 266 N/A -332 -85 -515 -752 N/A 141 613
929 N/A -693 -170 N/A -109 754 -587 N/A -322 663 -570 -223 877 N/A -17 N/A 97 851 -499 -227 -847 N/A 118 694 881