112 770 -358 161 -387 151 222 477 -37 435 -980 -726 -305 -999 -94 -315 -702 -891 -160 619 -762 -510 53 -349 -355 133 -448 -691 -682 504 -25 -855 -14 -920 -165 72 457 -665 525 -330 163 -227 699 -429 -382 475 -443 -87 -898 -787 351 480 -175
-734 -475 508 738 296 -699 -127 -707 467 -300 20 -156 863 -308 263 -415 862 295 770 -719 -948 -50 846 936 330 849 278 486 -703 -2 607 789 710 -184 124 -834 651 946 -924 -44 533 300 -944
-254 102 -557 328 622 779 675 -842 -89 397 -596 -926 -917 972 486 -38 -771 -194 695 341 769 -788 134 203 -394 -715 -719 945 986 -967 -585 -597 -664 -508 -314
-655 -110 -24 -840 -871 527 910 282 -919 510 -239 -808 -41 28 -782 -584 653 -572 722 75 839 -73 537 39 -32 -497 571 952 445 863 234 759 309 -671 313 -860 358 -476 585
37 -124 -547 246 410 -583 -880 -26 508 -587 105 -603 -273 -558 -434 166 236 -327 198 -714 -958 -903 192 -790 -205 -113 157 -973 -926 -622 -458 -446 -356 -715 794 -339 -151 691 239 -207 181 726 -914 206 844 104 -598 677 -374 451 -364 -967 664 -66 707 -453 752 -258 -833 -920 201 107 -845 493 239 244
-700 -627 -44 329 809 -243 -813 4 176 -517 222 -187 341 -636 162 -804 990 912 -710 -201 -431 -922 -636 411 935 -162 -240 279 -24 88 378 -330 -859 171 -743 670 918 306 -439 567 -120 -352 -758 -964 578 -588 -861 -936 470 184 571 154 -983 -683 -323 91 869
209 -630 -489 -419 707 -996 962 995 139 -550 141 -531 -465 163 38 -797 -316 541 -66 -896 492 -618 395 293 -568 749 -341 -178 438 -290 944 491 755 645 829 -692 -912 603 -896 -316 -492 -738 -344 218 -273 552 351 -539 -276 161 966 -428 -353 -41 230
641 -854 -640 -543 -145 -993 115 47 -617 -612 -178 -986 -664 -78 761 -754 -26 -167 -18 392 -815 -662 523 -714 549 -550 608 441 -459 -886 607 -333 195 -331 -954 -826 -616 365 -627 -915 10 -664 -987 72 795
-622 -927 541 -62 -381 372 111 548 376 -611 -625 490 894 491 173 -304 -73 -820 384 283 -498 -898 -669 530 662 -213 994 741 831 -97 594 186 278 -947 56 0 -681 -191 -845 -105 940 286 675 -644 -338 845 -706 141 872 397 901 941 708 823 269 467 120 -554 789 467 41 649
448 704 21 -662 -212 956 903 -482 -523 -390 589 792 -30 54 717 -515 289 -584 -8 -91 -811 770 -964 -963 924 -854 957 -992 -853 645 -159 -749 590 719 -954 554 701 -463 84 807 818 -407 -873 -630 885 -767 -282 815 -357 -589 958 -7 324 -724 383
501 26 -355 -933 385 -831 805 684 230 364 52 248 818 308 628 545 -478 724 -790 197 542 345 339 -999 -260 701 168 233 8 994 754 677 359 478 331 552 723 956 -133 -159 -906 33 -890 484 -631 -51 -259 496 -813 -521 439 408 -210 537 835 612
800 -383 679 -827 -773 -455 -264 -279 -995 539 793 -859 274 -148 163 175 -215 450 662 952 96 -608 462 949 -181 501 108 -792 -117 -269 -659 -864 513 -310 484 528 335 -398 -815 600 324 558 995 326 -129 383 -151 -508 777 -167 -34 31 203 -692 -840 895 -27 -992 108 870 102 724 -791 -850 701 -567 -420 -68 806 -978 383 907 -506 -232
-405 -619 993 394 678 402 630 -503 179 -793 517 -277 -644 -468 -486 861 -60 828 246 646 712 384 -890 109 554 -820 -870 997 104 119 -644 108 -105 -152 -72 205 -975 -744 -573 827 -437 -18 -267 -64 421 949 -269 -164 465 35 715 -852 -449 194 952 21 -620 -525 807 571 -673
197 677 820 -381 -753 -685 543 104 -647 735 372 878 259 -848 -268 1 690 393 -870 102 867 137 105 -67 9 283 -785 523 385 99 638 505 -37 638 578 898 879 -308 940 -292 -564 336 -935 816
290 427 77 461 35 988 162 -699 -210 -9 -391 775 617 651 234 -559 299 -424 -575 -764 -747 -435 -967 496 968 855 -409 -996 -413 -114 -822 653 956 158 494 301 55 920 -672 -987 381 -893 -910 -73 -653 643 241 700 -617 788 443 -613 -568 313 71 -819 704 610 154 41 255 876 -364 -679 625 120
853 248 -444 -426 118 367 -187 -692 -113 194 -584 3 -928 -865 -977 291 372 859 191 161 -745 -139 57 -606 -586 -618 -598 -372 454 954 -221 85 -342 118 58 -190 55 124 -488 615 -1000 -1 581 -679 45 -867 -961
-828 266 214 580 623 -17 -981 -731 637 736 -672 -38 341 134 -585 726 -467 -497 396 239 -745 765 -389 103 -853 130 -701 638 323 -881 886 -681 676 -619 705 -938 502 106 126 -17 670 -949 34 -590 -658 -373 197 -696 20 -957 732 -43 541 871 834 17 -172 -611 -891
517 -239 763 139 -150 -616 466 -818 878 961 186 846 810 52 61 -356 251 734 78 789 898 669 548 529 191 -96 913 938 488 772 -601 -152 404 -708 -842 167 -379 405 -534 234 -495 -720 -605 457 -333 -842 -939 796 -187 -157 838 -40 559 718
-859 975 890 586 113 452 -465 -19 -56 -196 439 542 765 753 -829 663 966 611 -965 135 -820 861 -444 -859 816 289
973 -237 -960 -595 -694 84 -300 -412 -125 475 -219 111 388 145 436 187 -339 831 -164 -238 -57 -395 210 135 854 937 -836 -272 647 42 -391 -111 901 63 58 -428 710 -610 -100 -245 -98
729 -895 -342 -291 801 35 -101 -330 -518 668 241 475 463 786 922 -413 -527 156 -182 -809 -944 -323 433 859 -920 317 -278 754 828 -436 -836 418 813 25 -425 -47 -877 -284 -31 349 -847 522 -839 -699 -615 -390 467 926
-680 -447 -36 539 444 -855 264 743 -904 -450 424 996 127 -392 269 -519 265 -549 -598 -827 987 469 716 -938 -94 132 777 -315 -1000 -689 769 428 -265 -204 -104 -363 -626 279 -238 -6 70 27 -705 -732 -413 -11 816 259
-140 -927 928 323 -936 -759 328 -516 829 847 -439 405 -305 698 -821 463 -308 329 346 -678 -3 235 -967 -854 402 -255 496 398 -393 -814 109 -709 -510 -116 -750 -160
-161 -821 -176 -523 926 476 -766 643 59 569 -27 -275 -691 -688 426 -409 138 -663 182 -326 421 184 -802 -474 -669 719 327 580
-816 626 650 -741 -643 -713 -884 699 335 83 -85 -725 232 -348 483 -745 -321 699 -915 293 -262 -903 360 -295 -643 509 -272 -386 -949 -99 499 -157 408 -530 208 448 -821 -163 124 -649 -356 258 -325 -318 -580 -425 -890 616
717 -965 -131 355 -171 -366 -200 -187 358 -971 -702 -121 -790 -364 827 -743 -998 -530 722 -624 676 -146 -580 732 -224 78 -116 -422 32 877 304 -791 -843 -441 627 586 -670 826 -554 -758 -959 883 -674 -443 949 440 -472 440 906 162 518
767 462 -644 -32 533 498 -178 -757 -730 112 718 112 -395 822 442 294 -262 -113 -545 -673 -545 -795 196 740 469 117 -263 -669 770 635 -599 -500 -748 918 289 571 652 -96 -956 815 500 -505 -290 -738 239 360 536 -399 625 -94 -106 740 923 408 962 -991 971 796 942 327 -414 -786
-513 -253 -645 274 441 -231 38 6 981 344 -819 540 -579 -935 851 373 960 460 304 958 -533 -712 -592 -278 943 398 -942
-126 256 353 923 929 -206 400 991 -215 -837 -468 620 91 -935 863 232 622 700 997 -287 -466 861 980 266 -635 -713 -284 841 887 -524 -252 -583 456 -790 -477 908 -502 -802 273 416 620 -485 955 705 700 818 -571 -819 642 789 370 605 951 385 -722 -931
803 794 -290 22 244 771 297 272 274 -553 -176 -995 59 839 -240 -583 -1000 -566 -189 -817 641 -596 658 629 -282 992 854 59 -948 452 599 797 -173 407 5 477 417 451 -650 761 -933 600 -515 431 -422 -44 126 400 200 -693 531 736 503 -145
-548 -432 -785 373 845 -704 -137 -708 20 324 -443 -498 -61 -616 -329 -219 536 862 773 39 636 321 -425 -874 -997 -78 706 954 -158 340 800 515 239 -141 -597 747 904 230 -666 6 952 372 -326 732 -565 0 -643 232 130 -566
-98 -36 134 -73 -384 -778 365 793 -637 388 -196 -748 454 528 -497 -488 293 -410 165 349 354 -140 713 -334 -778 43 -477 92 207 790 180 -732 -873 -42 963 -51 94 -848 -117 -616 191 427 951 -224 972 460 -917 -592 657
-711 676 -95 -214 900 453 -307 -175 -32 797 -48 -420 -524 356 -67 589 -43 -702 116 629 51 -56 830 -374 -682 263 -681 674 809 615 684 -182 254 -936 128 622 743 438 -844 -246 -594 -272 -502 270 147 733 825 669 -867 -846 135 820 905 -392 -163 546 -212 978 -915
63 331 -857 998 -103 -794 869 673 268 -686 156 -659 863 -944 -279 -565 -122 -183 489 155 -268 -290 -736 831 -575 364 867 -769 -714
705 -286 -768 -663 126 -956 224 -573 256 156 186 258 -873 271 529 -40 -198 806 372 230 272 604 330 317 878 516 -598 -434 793 -979 -63 -52 215 403 642 -525 -106 570 839 -560 -43 -897 207 784 -163 -97 514 -564 -435 561 624 284 -317 850 832 425 -697 -849 638 122 155 -141 324 80 -222 382 668 101
616 -468 68 -564 873 20 225 321 2 -761 -577 -529 205 132 258 -805 827 -987 953 -13 -617 -709 -997 613 -255 370 -673 -834 956
-627 606 -119 604 -402 333 -455 -813 -690 734 513 654 641 472 362 668 -2 232 74 -119 -826 -896 59 555 465 -836 -781 -327 569 987 -198 -886 900 165 199 -634 -835 -359 978 490 428 248 47 -212 -873 718 -823 -10 271 876 903 -717 668 330 559 888 -636 -486 479 503 -489 174 -171 828 -354 604 122 -924 -472 156 982 -403 -104 314
-649 79 -539 -856 -240 873 970 -870 -527 879 744 -347 760 772 166 -297 286 593 890 896 11 -159 -743 -271 742 -911 -190 59
778 685 182 -180 8 464 876 -992 665 -65 -281 6 -602 -120 224 685 869 63 -23 -81 -230 -685 -861 92 -853 786 451 125 -462 306 -765 -61 547 -286 -389 309 826 -138 -541 -406 719 962 -371 388 -570 -947 606 -650 -547 645 295 -777
467 -84 -78 114 111 344 720 831 -803 822 -366 -633 -924 -233 48 791 -599 -852 957 -484 -500 540 -806 151 187 100 511 -308 726 289 987 -784 -547 575 -195 32 207 450 -190 465 -698 976 320 -92 -548 864 -970 470 152 418 -304 498 758 -190 -395 -706 -20 951 -248
647 -166 290 -191 -799 -379 99 395 -154 -788 123 -139 -115 195 -707 -48 -276 240 582 750 -702 -175 582 -817 -101 918 847 629 449 -588 -791 -487 235 -155 -738 -12 -413 664 -151 844 -303 492 -602 323 162 654 -888 135 -891 -155 -95 401 961 606 -928 857 341 -114 380 156 -260 819
-567 374 543 96 300 141 627 -892 147 -274 36 106 -982 -440 992 -839 959 -130 365 -753 -990 -658 -311 -328 -80 305 837 -323 -791 -436 620 437 14 -535 219 539 170 -874 761 -596 -188
358 -755 459 -755 814 -479 -287 -913 -206 712 21 -258 -684 -77 -324 -772 310 342 508 734 -606 -870 827 644 -514 473 485 314 -378 -626 -718 -289 -179 913 -747 -103 745 699 -221 164 -556 -193 -694 942 744 -481 197 906 -495 -252 131 -59 557 -470 138 468 -459 513 -451 -326 941 288 -805 -828 -643 -767 242 372 565 -670
-779 -281 598 284 -655 -314 -779 -362 -865 672 -32 -318 -491 -358 99 -137 61 -870 -671 120 529 894 -671 825 398 -215 -340 894 156 -730 -686 731 -200 71 196 -454 152 -594 970 934 536 141 471 119 858 600 327 -318 -462 363 917 -76 -200 -793 950 874 -759 855 -92 683 -693 -695 -924 -644 893 513 865 76 -424
341 -973 697 491 -298 311 -259 -445 689 659 -643 -843 -407 -839 -581 -463 -665 350 519 -753 -183 -187 878 725 -368 -559 -509 -371 -542 714 -403
452 156 -555 -189 431 -266 -78 71 -367 -989 33 -531 -290 656 373 -482 -905 -87 656 -788 266 -699 -38 563 -945 -694
-946 -38 895 231 -633 -452 243 354 -762 732 -8 56 482 239 409 104 -812 -662 961 -232 980 145 -278 876 -779 -486 -927 -279 -176 -683 43 166 296 106 -892 680 -576 538 353 -73 -844 7 -699 38 -227 193 -896 956 -541 80 -672 -466 50 -522
-24 -524 115 -242 804 -204 201 -394 918 554 -178 -362 390 32 107 9 -759 933 905 -269 241 -380 -564 254 -732 -124 158 954 800 916 -156 132 163 -462 757 858 -146 97 -922 326 -589 261 901 833 -754 340 83 -689 815 516 54 581 384 329 699 -289 190 120 698 890 -938 -414 -761 352 -210 21
-647 -210 -410 -56 643 -315 653 -491 -613 523 -720 933 258 375 405 545 -343 386 309 686 -461 -375 -238 -51 817 -954 -601 758 292 -774 251 642 -373 699 -723 -195 -308 -313 998 -328 -21 891 88 761 82 102 739 -285 -886 576 361 241 -584 -711 596 -956
-304 293 -918 677 346 941 -355 793 -731 -112 -646 857 -924 -164 -862 727 191 -212 -737 121 -457 -640 635 -164 -383 824 -667 240 -721 -972 498 -848 -268 675 951 -532 -358 783 -164 -105
937 -301 941 -82 823 673 -317 -216 621 -6 -791 727 2 -858 953 865 -618 551 589 -377 37 -35 -933 -209 -123 -266 423 -848 929 -142 -625 -265 -412 352 373 154 889 562 -611 309 383 -654 -766 354 724 952 766 642 -489 -175 766 530
-895 14 -991 46 580 -825 817 -327 850 409 -46 -627 829 201 906 152 -564 155 824 558 57 -386 -791 -787 706 -917 -630 413 -446 80 -638
-5 406 576 -462 -792 347 -768 61 92 193 -254 -727 -987 824 -836 596 184 334 43 -989 -923 254 -362 264 -309 600 844 -129 -463 -315 -552 164 -130 -613 -417 -429 930 729 446 -492 -659 -983 -319 -865 -751 -105 -857 -769 90 -987 291
-971 991 636 114 326 -30 -105 811 -389 -803 -204 918 886 -660 505 994 42 -668 483 132 700 288 -304 568 59 155 154 499 -223 996 -737 948 923 -475 598 774 7 -609 399 -748 231 -11 815 -405 -666 -983
532 666 603 501 -712 -46 -153 949 -951 858 733 -369 195 671 -140 -687 493 724 481 -350 -873 -800 981 64 -326 679 -660 901 987 -25 -726 339 767 -33 872 -241 -170 -224 994 589 187 -24 -19 211 -77 141 -362 -22 -563 992 316
-536 -862 613 -653 923 -95 786 671 57 165 51 -842 -112 552 626 833 930 152 358 390 333 -619 265 607 -945 -763 -419 398 -973 -698 -71 -581 -438 -268 -563 727 420 294 338 -708 -162 -546 -513 235 -932 -708 -768 764 -255 -89 116 597 -675 408 -903 257 746 279 -175
731 616 -185 -82 935 626 -703 444 491 215 480 -307 213 -53 355 240 940 -457 915 -352 -506 -328 143 -499 -440 -986 959 30 694 -780 450
259 -789 770 898 -162 464 156 -966 -870 79 145 303 -908 789 947 222 382 637 191 -860 471 -333 138 344 205 -565 790 905 363 -542 720 577 509 -985 284 -20 704 -565 359 -835 -11 491 -830 398 -44 -356 861 958 -310 196 1 165 805 -14 -376 -284 -199 705 -876 648 790 -113 599 -971 -691 -236 396 -813